2427533
1806219
866400
1497525
831165
706191
512753
433997
637568
429410
328392
292851
461838
640232
383212
266355
957472
280931
1483839
431731
283763
309788
329072
332276
292787
271333
1198725
271288
274486
429933
231084
356955
234600
530555
261804
641097
254828
462775
296085
572629
4034769
194173
849235
370388
267494
618651
259757
729815
628142
802763
310638
684997
559828
204044
285352
273542
761468
262985
1232236
405955
411881
344193
483623
1111488
334016
266876
373602
226517
259624
236892
361737
1107065
265110
440168
514821
952617
349157
252896
209348
207321
353354
981196
514148
265760
315237
223371
256435
925991
230394
273722
528421
2908644
888841
513292
706439
297423
301086
397698
245861
2547292
402602
1235691
248874
260353
258908
309374
211547
401350
622344
968528
437560
428956
250591
369542
276815
273549
1289641
450672
220710
240433
435766
256368
267116
476649
291921
213667
251048
266863
270279
252129
346843
244087
230258
228442
230066
804095
224610
226988
237287
244462
314312
443871
4379746
211957
389001
309642
1416073
345714
277891
671095
467466
245770
1397400
855791
300764
2129717
220102
1008409
566190
317149
301155
728711
455364
324460
316155
481195
237596
214879
233158
240744
339211
293291
225341
279206
725070
545371
265637
281040
734013
221671
388602
390170
294303
783179
259530
250043
329675
263251
606762
393823
222154
2100714
329776
230645
558457
330582
292479
254526
275806
605546
268065
336167
294155
751396
1617483
256570
636288
238656
260558
4171199
3325581
258450
240553
203211
202303
422558
307793
245007
220868
316046
315696
337721
278880
2485491
615562
266048
3537912
373148
283860
291863
218364
225302
621411
245803
577024
1374080
340812
197806
215630
1512371
283363
230331
227800
280070
213947
1020215
590074
1640903
262445
1140846
739020
335860
389869
258485
279188
419182
311942
1374802
676621
354109
337900
765183
4325301
1208009
1179668
274696
257972
224797
261426
842899
212354
929353
1302052
328029
292035
791499
224679
211037
363222
217855
196660
225625
209911
240925
312161
580734
357669
240099
234393
216150
379269
261706
836191
241122
269971
208367
495683
281556
206528
300840
279181
225761
315023
224524
725484
279918
219807
192372
445947
230894
269031
461509
219806
1426694
276040
1604786
241257
223784
214863
370561
205492
215292
330968
236488
1147558
218797
224381
222005
235903
243673
225175
232667
258811
268232
220149
279605
200792
237666
227548
678464
401716
792042
425642
261768
309170
216628
259307
252739
1269227
202942
624553
316873
249001
741750
199932
221908
328094
421490
329692
248984
374882
236439
349985
205195
630441
303783
300435
295411
446637
312296
256368
680909
532889
273206
536756
280678
392541
282448
250936
219834
240871
205050
200076
200824
258944
293642
225647
209950
205657
337629
992851
259579
482176
252216
227044
234857
210917
293297
237510
272923
196807
426371
243174
411992
329186
219279
205401
193911
191635
217953
786470
560776
239382
632983
261321
564076
669828
206329
192992
197617
441518
239526
5650865
3876976
202564
635983
586225
217882
1443883
183125
242637
200691
414885
176663
211280
207187
191090
229105
187149
225555
206158
590598
459237
419021
327595
321193
355501
348038
253203
268745
252899
648190
245889
830035
445584
570893
251992
324814
246136
195202
1427609
392908
1173005
301002
344963
206822
186706
352528
274660
431710
585010
240676
216376
192404
242626
260931
388297
230862
216790
230079
239451
358857
208089
168986
247504
233476
224232
359986
198200
228138
240729
243043
257939
206851
400076
228621
224223
202280
235431
231125
235013
232605
228841
206519
233883
271267
224138
184263
536682
1045290
256287
263917
238563
213377
191126
438559
240525
1135298
593708
208878
339985
628394
215009
247324
200641
568147
197266
190737
1531214
316613
217671
235603
2796916
245568
172518
174156
1229674
233927
231435
196605
912875
341986
339378
907283
864987
714358
268875
376320
241513
237396
1542113
273640
221960
255553
1302004
212622
195091
729338
275883
252467
214826
192135
231533
252679
318758
991023
224391
194572
516841
699639
209042
175396
237499
236363
516344
677203
1115659
209225
253236
546025
217577
215044
214291
276210
241074
239520
371464
187653
262014
220410
1116487
521697
277388
220610
880555
218692
271662
216635
218506
559725
203996
172018
558729
258512
654294
3047592
361231
232776
248013
218719
218546
208579
191312
282190
804704
235159
227583
860417
190625
215259
367484
267679
240538
1236919
198632
290711
228794
217788
217158
446456
232378
225491
217778
249280
265585
563705
237322
205768
620167
243441
494821
248984
248808
216679
472632
238042
324721
337213
1120944
290946
740001
283940
252714
1084851
228270
231967
251142
233904
232068
199179
298309
776661
227355
249809
356169
215855
511568
221915
699407
706281
445242
212073
209258
654619
225421
190389
177927
255469
362347
224826
194229
395132
209882
192060
243748
201088
193543
185141
199950
416619
263830
211160
214710
476972
187313
254089
210549
1107604
379948
220611
188524
492433
234477
239592
1126294
919840
737284
265127
323262
207311
227900
842032
865257
214639
193252
483130
236510
563370
1292897
692051
250583
192350
351706
338636
197930
298068
226061
219587
480425
211606
273718
226696
182041
403455
322468
177655
175852
776182
410230
554613
225023
275452
815847
205611
233027
188463
283072
473964
200487
310311
303618
342991
1107425
528276
821287
926455
759330
248258
199146
347902
331850
236840
814736
272737
386249
874871
194919
985713
182824
334726
1007136
463128
247784
200834
364262
218801
213413
201450
592962
239213
211098
612095
195706
253819
8923812
6851036
3549166
351761
211442
190548
269171
874554
264225
241417
181958
306992
213208
210548
1051506
198664
357474
199473
1212236
1237149
216397
207856
1317507
209699
813182
216765
391179
200090
546691
215236
424289
296748
315339
193134
250191
792614
208238
191151
188660
198840
374311
190692
247295
329019
206287
271505
167971
359723
439959
189996
189945
549536
205237
277144
351280
305673
584931
188301
299579
227933
204921
189905
179218
172096
1625045
207442
239292
226442
268108
220698
278270
589024
195867
231468
196976
227884
193731
304593
196731
231518
213290
190003
187226
292497
197293
209317
284397
364119
181343
330677
524589
493058
255050
255687
218441
181661
195290
837801
278183
2755217
198363
222504
213188
179034
227696
243549
260895
613856
246501
768235
288397
198197
253971
183317
225659
1881714
224513
194717
197130
249532
213255
211344
220079
196594
233072
185407
1064305
220485
3155037
555663
355663
269979
242136
202695
206370
213967
183131
200095
180618
182554
1184408
843972
232012
211219
587833
480801
372155
561725
755743
494418
733023
798704
378723
665330
305610
595037
337676
209382
438455
306851
1046512
313116
227436
362241
203656
203446
711033
548003
329428
263112
432346
509559
464764
215140
320395
472612
227684
617304
667562
721247
445800
902556
523454
288205
213696
279758
233362
315858
514682
639713
248524
205017
258158
1048148
196097
257953
287288
1291441
199168
237028
271044
679029
295559
531644
1747841
684448
224162
211468
332728
205238
1350830
380482
238445
332089
252400
210714
250039
1668873
352255
186243
197152
241630
513600
363577
475812
225560
309454
244865
209653
239928
284723
206681
279594
222956
311685
217995
236335
543178
522138
509779
622002
330490
200198
598655
887402
231388
218245
991129
353099
612974
317373
540067
275372
254867
373871
860436
751260
208257
605931
679123
237783
235259
641157
559905
286186
317043
372505
1236299
257619
595178
1222846
830706
334137
249980
672852
250234
364309
270071
306392
814815
1151707
266410
213530
434632
472101
395708
468911
250910
219953
230851
241595
207882
246057
348886
277066
254649
396910
233348
255244
198802
762581
212274
268527
213982
210694
293838
631873
1080530
311023
251394
639307
490336
329880
229623
180495
277328
284781
207040
413443
350272
337203
211660
242465
269418
310017
539466
541672
213241
224358
194157
409467
239231
677624
305594
230041
226758
421643
228890
205729
802373
978763
793604
523423
464265
242577
211267
581973
310978
235206
217228
235652
335312
317517
736490
215934
638406
223303
246064
217734
252650
239144
406468
336108
230007
738167
269975
235262
239087
208093
218123
215422
206072
509692
327136
196962
231395
231608
232278
340292
208414
273242
246183
293281
230351
1009868
498811
172679
361442
618075
251567
366690
179211
308448
206228
856847
1058593
625265
239179
177017
328772
203295
654824
348322
220834
375491
179412
246973
248862
204674
185408
276152
228198
603075
375668
540004
367988
983541
727335
347109
512150
253863
207032
324760
1071494
210114
184772
302281
201092
213984
227430
260014
618015
231540
177403
631872
222444
388822
334558
276124
208631
213958
185788
199306
808808
890009
233940
532804
233975
243790
224093
193987
192941
328109
286437
200702
181558
260621
321080
222810
218544
334446
331839
173659
612257
703342
477659
217317
186150
194765
212079
578946
203394
3385584
216311
202163
201521
182744
330907
618883
207605
824189
330233
238014
423800
358029
262739
265371
1168893
616668
349479
437174
461738
1157481
294783
214299
1930635
257290
836551
267043
229405
591223
183882
204902
286967
393588
237719
1303420
204028
605565
259775
214315
204303
430969
234095
198080
240173
236862
372312
239710
242489
214651
219178
363629
718520
278071
232645
228115
173595
606314
256568
220804
242146
530402
246286
212549
193734
184266
851254
668414
165560
517056
1487984
172539
720139
371002
244286
222829
205922
299504
868984
256326
408757
375291
259574
308546
187751
694826
178069
234831
192511
955000
1207978
741514
892005
186019
374390
3402582
458960
213523
197873
202572
179002
1353358
453143
187509
431784
11436936
10592165
7052322
5346517
2004429
554046
203306
666035
394481
711960
279233
196728
1001778
179518
167097
194561
169984
212286
250212
234461
355133
215164
427643
310723
1495507
194762
445359
339084
396515
615825
2414688
319198
213487
250163
249174
1645814
393191
160324
196106
774517
289343
1239074
186260
192324
559222
229487
343432
306121
259883
400382
255640
201331
1329043
179130
216960
253040
207890
226989
173909
250128
1169605
204361
179560
399654
959637
928569
274606
214354
1858824
649228
573118
540337
219472
427923
280664
1039022
204435
537967
734499
212274
224651
382276
290363
184693
1513483
223087
248145
207710
189272
355413
748464
756353
359393
242137
345783
204365
203949
836775
296967
192617
164457
229018
166532
190292
955426
1259590
184777
170883
1154133
278782
1524926
1136380
182661
446403
232154
179247
209690
212431
572613
246872
304722
221967
313918
161477
2465517
229450
201023
328856
207442
278794
326660
1073128
972338
208190
531351
478986
203618
155185
179075
781739
165820
249814
564150
2469150
205346
311148
188554
256798
192246
435198
176085
166930
1406020
738810
267189
358481
178275
231383
278048
195544
479250
1546878
302835
486545
454501
443702
395253
327154
273028
308998
1816333
422954
228237
284618
480764
1299039
190062
229889
918279
2335288
243933
269549
245724
301242
202339
216852
291634
365080
218002
187707
215229
183201
1827126
191372
219517
275254
327177
414474
179248
833934
258356
205777
176246
196038
173015
183803
1122573
315718
573661
321025
234457
165428
154595
155412
224666
226396
169136
238136
551254
352649
223429
163801
264045
355840
167993
244949
465879
193144
193470
231218
294651
323769
346564
218699
176855
231189
516981
220691
190936
157443
163856
837617
472101
183026
233698
1015040
166932
232111
237900
181255
219133
710805
190433
294625
337528
242160
237311
221083
2555640
568204
175919
197336
1305496
207581
188579
386044
219978
186253
224710
181963
198306
2369461
178153
629602
233885
3329984
212448
294999
185232
171787
237045
339517
161088
637408
179613
310337
2098419
158545
888308
222604
280037
342466
191216
495499
194047
230621
177395
239328
225340
196971
253404
714422
293017
397398
164253
467386
546589
274487
254488
177715
1128013
376864
391291
249605
566515
1035408
249766
191487
152573
579519
226984
172612
185778
155831
389815
884280
186504
324987
879973
805018
213879
216362
500413
219413
162663
150165
173130
534316
239323
446956
153844
1348494
156210
204277
364168
1525702
375708
771944
634791
198829
162865
216008
862313
298421
311458
187346
173660
688422
208567
1365196
166502
207374
157239
365462
200447
248421
431798
178474
293196
3454191
202130
209315
1552424
193266
198319
275668
162488
258305
175826
183784
146506
175845
166877
216899
349445
283869
163890
157328
153716
364011
319863
927781
223453
201332
355601
809519
155448
216843
193480
214822
225507
358015
628168
172178
662098
178667
176008
189939
555309
518265
213942
172144
162280
151321
187738
1480335
270687
153683
165486
176770
1427323
209926
200022
143827
152561
220794
944227
168740
184219
1588830
1477406
353264
1070615
205807
294015
1376363
353357
245767
210984
203809
1877471
176429
354704
201993
163245
344978
268007
186324
211029
385609
169521
205270
182862
205626
206553
210797
229070
229846
201834
543516
250108
285367
190187
201622
175817
204849
560516
665627
353626
161494
429566
246418
246251
381775
170555
155119
913459
218234
181654
145118
146350
233899
208373
351028
179520
452648
280288
174235
242294
179418
169908
198000
182155
201596
220125
204177
174113
210090
902944
348199
153018
198048
707549
663342
191268
402000
215853
182401
243834
1056721
440499
763335
193465
809291
2709280
228615
200351
200518
181767
215130
303771
175010
242502
1172063
450210
162642
324364
242367
178031
193569
408948
207714
425054
267749
244297
204436
233433
521444
197145
727754
239153
169854
271312
219019
224766
364797
167658
227748
179516
157700
204748
709105
231865
209898
951161
442052
185413
163404
1105374
253028
976540
195459
192255
198582
449401
226184
219454
256274
178335
340220
215801
222289
266628
809343
228712
255252
10009876
7805399
4486994
835243
193288
168085
422734
274508
194862
301998
210047
203479
198040
368566
2044475
271695
256935
187557
166475
209465
217003
449637
471322
200947
164831
224741
266598
197558
207181
164869
172311
152101
198671
796603
187863
179800
189962
260281
207474
1933083
233742
262886
266543
165018
164477
271863
700266
201244
161319
184085
839826
186393
319912
376199
218497
188426
397455
183598
324169
212277
172542
311664
899624
174624
558716
189770
223854
175164
207461
208610
238136
216131
343541
185289
381460
239170
248236
303379
194350
272244
609586
240549
225128
353459
174088
168150
306134
513777
183472
181080
184681
204254
386423
234011
244055
179766
1604070
2386276
163050
751690
166800
214038
202326
234108
195548
279376
273161
340569
193425
215843
213072
311692
194226
254683
204234
350116
184788
173180
397831
318061
185125
178882
229276
192822
325093
201272
214648
183411
183140
161985
189435
347303
392938
215748
244508
216322
265703
841294
697223
170199
315255
173180
210976
323497
532287
359440
593224
176849
229325
444291
316861
950221
183229
188447
181739
309339
154776
216817
188401
162287
240874
171723
165948
245227
210817
271330
171526
165222
253630
357030
746876
161321
198993
625612
282404
252300
149427
252510
168292
1653083
231546
511286
221403
359750
418931
363567
177863
185595
222914
680597
208528
260414
190067
233105
200655
615510
342899
170210
141820
395238
199964
240386
721365
164983
209598
464847
176200
183772
240122
275400
175003
165339
418407
171507
187650
182149
161158
201181
399101
188434
465793
198328
257725
200401
276736
891228
636214
148608
335827
192758
815110
224702
159730
159826
168503
224379
161822
1834750
189686
321786
171260
514634
158767
185197
1621749
143296
169361
1490733
199018
174268
356177
720567
182035
385040
211569
191129
161118
182501
514765
159195
232691
400651
171129
219640
165367
154452
174826
302284
183969
242052
175186
221821
263231
1798846
346375
204290
164913
468215
196455
217866
294716
262781
245627
227685
188914
241932
186631
218076
267027
911251
170182
1700070
195363
173442
198572
218802
750360
253134
1223482
256816
436531
203529
1306508
238961
580544
181431
189231
229978
203204
197981
190563
204386
194155
2082441
180298
215287
176251
159181
171866
261789
193820
252623
185385
169896
707543
176407
272493
184391
279471
221764
419994
360105
214492
818467
181461
444524
1322752
295833
222233
187189
179667
174372
196039
272542
222090
177161
191545
227480
167167
1335030
410504
198195
1367790
242060
171299
224456
181747
203923
200208
189143
199220
185025
550839
249907
326513
172741
327303
158308
1044916
397183
194296
183791
190927
227952
164622
915433
1140165
802825
204495
148383
3272537
184551
892549
438871
173404
329902
275824
195983
176013
215654
175345
244130
193423
164869
221315
188508
243170
467287
188036
300082
341827
191632
271135
215141
718603
189944
219981
178379
565577
2143576
860352
219146
192362
748069
224701
155430
174020
582277
1497661
233086
462252
294475
261860
367028
153953
255785
811916
297578
168765
349601
252527
452134
289517
192285
171304
149260
4270160
176082
156314
300419
225797
236302
319829
1003284
266730
199369
189939
217749
294941
214268
165598
863622
213306
198955
193761
172034
153050
212269
200133
579108
240629
151087
212246
1118886
176219
203394
990188
219301
1207694
355622
342749
1404004
507235
152108
509788
200663
215977
909746
222349
223188
278583
219469
910212
182793
209065
142841
160452
246495
250476
438287
208401
180439
170715
259117
208052
357266
157510
146270
159247
246335
406148
1548009
326518
193276
215860
610693
160605
164032
277862
176014
181741
231534
978033
237427
316031
198060
228126
213259
401755
179537
214239
211416
259440
648470
194872
175150
202138
855513
159003
509928
201932
197174
201617
225307
169094
386212
254851
280340
184449
163992
414431
172360
932219
168821
159944
198961
295021
205643
177170
193342
1253945
544160
1192231
770594
426223
257753
176425
781769
175762
155911
716379
222652
387751
234146
168702
172167
396409
433138
182905
147198
142215
153988
520054
4702031
597863
184714
202231
11316683
7340556
7477853
3785611
399425
235227
237633
365160
304443
167417
146550
176627
136804
161004
164181
268955
172674
171980
187516
421358
259157
167076
199387
202441
1366644
239506
667175
179915
225413
363271
212584
402014
456950
192763
202556
159224
165566
223865
214763
168896
186237
186483
196943
209067
407261
219277
179162
159087
304923
178732
186883
246672
172978
584885
210863
214490
150739
206425
211818
438524
249280
819290
165744
192050
389271
213072
364934
205502
497279
171729
213249
182432
208077
462249
158269
178141
169120
177807
224855
199735
805674
182795
2753563
150021
548626
198257
176000
196756
179534
211956
301967
483113
432617
240490
847993
197236
197029
257396
178654
320141
298763
200309
1240087
167763
479397
210363
1570058
161638
279637
177513
1206072
777656
199670
223729
269029
213317
274362
155959
178277
197941
196026
1562609
230756
267155
174067
196892
160690
164092
1033217
195837
194560
197615
365553
227802
197916
201166
163686
212922
571742
186489
192760
159160
643871
190164
202675
185931
183370
983748
186055
1607116
523773
203148
185352
165350
541707
2031262
358040
269995
193140
308911
198708
334431
568415
409273
200218
1348665
218125
259912
151349
220218
183244
308680
267182
209535
179493
348084
245851
223282
244779
164302
344569
278494
212823
292540
166859
181389
198100
307373
168381
439542
1098530
174593
555183
207844
896136
191349
167946
461274
170916
180917
566873
211885
310299
179164
858566
182459
166575
333779
513207
227433
183889
1701632
258048
230173
166254
265547
233230
167209
201516
1184561
201844
206784
207575
217815
291118
174682
199896
191675
321357
836202
152540
234629
473762
2058570
190296
204419
169025
269612
253346
367280
181203
205411
161872
167684
176522
170565
199764
207353
173868
197380
156359
149310
183965
150088
163790
175690
217262
223011
255313
189507
171534
673452
411783
164942
326384
155833
221243
400732
214873
244937
206695
225563
187541
227382
211362
151350
188101
162167
543061
203399
183270
180552
830660
598618
362159
200278
180189
263865
206622
150998
635484
569931
973543
411212
208776
244211
380541
255814
223512
350926
784629
259593
207167
197075
158887
794154
227588
263673
176084
179897
188406
1945366
263939
240811
186693
212531
214639
196543
362327
198595
462590
241078
176174
415378
254352
231740
289332
179678
295586
426816
162515
185001
285880
184871
451455
286763
190399
180006
212577
1372510
428753
174847
157259
226885
172917
284396
266161
171078
213473
307486
201580
205720
868397
211041
356862
212790
183563
295301
189187
1343632
355026
217797
250070
323342
265139
215409
177289
230138
196099
566201
174249
187541
238337
238611
181532
558050
169670
274667
232143
203690
535059
160389
187531
225574
252806
177347
186449
172657
168257
314666
165667
1138852
160921
142313
220888
208918
470018
234478
588488
150673
235298
147371
4141915
163953
181825
499275
207189
296118
550298
1156731
195298
193540
258825
248897
516863
892111
177208
197462
187626
208514
236607
248701
1098852
343164
231055
1244653
223622
619807
348833
265693
172410
300776
255651
242598
196346
390086
182257
851506
552828
165776
205374
197743
188762
212931
194175
188261
230058
1293843
255257
180552
414301
198590
248339
195257
158963
360946
195056
1309781
212382
1722654
209383
205489
171209
1182010
303486
172437
179810
155965
210600
294135
164715
302901
294252
194872
204305
181132
222829
208768
186048
197089
330779
185312
156650
747064
178878
383200
169701
190124
551080
343402
629227
172708
176445
186534
223628
190569
188537
568851
304100
470930
551450
183617
418197
208507
218539
183713
208847
164377
182952
516147
173281
877194
192058
193449
256915
284898
944907
183864
600524
177502
538968
462729
219056
276002
249601
378689
208019
198385
158244
244213
363614
210222
215233
209122
169319
152171
155472
238256
178136
168824
416263
896155
212909
198327
200847
222275
177757
177349
484388
238116
268906
737890
287646
274912
671855
162895
228229
184608
749352
204073
393988
167107
253112
430493
188062
170139
533350
398787
195131
175686
257017
188649
209760
823731
172786
205689
9904296
6356027
4152792
929024
667288
153744
222406
185180
628263
151513
3985495
710245
485026
191062
300151
230570
209645
332655
232071
226882
184562
213222
651445
214923
251683
169059
194931
314888
572546
151397
2478459
227127
362227
535326
361981
262700
1188965
587482
193803
174790
437323
156187
227496
415102
152062
164406
195141
208460
213449
387767
426741
322883
171923
177792
210076
152543
251528
170472
242871
320820
149166
1120710
185066
175676
233817
165521
206592
160217
157511
176635
334941
155402
1639077
155737
161936
212905
593914
186004
215782
218172
328770
163307
207401
307931
224434
182841
271179
232597
1121692
178281
544829
207786
737724
160527
194793
229868
810159
238072
183109
230753
205718
171641
190223
172638
889073
234024
173183
168250
384962
510660
907579
438415
226088
179681
263452
215042
213886
550899
408803
307781
162030
159017
1420988
158514
193023
395308
167266
824875
172868
150808
182675
3944698
691978
208729
432811
488179
226828
809830
537203
294779
1493589
696976
181257
224358
1085407
1279495
178499
211915
183801
263655
203484
267067
680864
493791
791519
244121
235673
259535
408530
191641
190032
218799
269518
1229907
165081
229089
230964
262486
210662
173060
169118
829107
173107
184473
161442
180119
223240
2364240
508893
277170
246368
183554
282863
641707
190142
165670
195656
220708
1047541
279312
293495
256931
379826
390757
159318
235377
172613
776112
207007
436640
170888
137542
191849
276581
198032
320348
343455
286916
166442
160062
167675
260532
506258
887963
217780
303781
167572
168178
161479
1446013
186762
199241
172430
162803
295648
204291
177080
158695
429819
408265
1428384
148879
168008
197821
193787
197017
182325
198284
334899
162958
189693
514059
160785
141417
2684659
158590
179505
187909
188895
1101032
740697
155224
164280
216765
310435
157668
209445
2399610
193248
203796
251636
221696
384232
218182
221845
931946
167515
178368
223222
178742
144812
154755
498883
909086
173433
203913
510223
1317147
209490
143933
163138
303242
207140
204080
144594
171694
183872
167671
180900
243840
276669
217246
209134
167731
171223
142330
457519
207910
246294
185674
170141
259941
326899
499868
167539
182981
1074071
441396
325508
388491
288930
529422
229820
199773
540441
2288894
184783
341519
283991
309919
224805
254687
428165
275398
163357
215370
254681
265101
279604
268003
182721
632772
245884
197965
164813
245999
352248
162131
170903
150970
181985
188289
229167
164786
170576
251343
354566
358757
171287
1437861
293857
181083
195029
3357193
312694
1127600
337047
377181
196803
262511
371314
314594
290530
184544
176925
209321
201506
388537
165695
203302
180291
1333869
194934
184206
1128934
287499
176231
358743
193041
181476
1488759
495415
392682
202810
1338994
168758
230418
165264
249312
724341
158694
180047
294924
169933
467978
564662
179489
168308
161203
186551
333508
206301
190281
802694
407614
147778
156146
237373
205087
167529
138447
155563
138752
590095
146620
224143
181108
204845
212139
356368
517167
346115
165061
162722
204751
189240
208839
323649
754698
260463
178421
175259
319295
919104
166870
315199
387996
272762
238062
165038
304873
178428
198911
170309
1034004
193522
1007770
337234
176093
262516
201769
153940
392960
1447997
686922
514963
180743
223045
182198
252238
542773
143783
205762
176977
378863
203996
171504
173695
212197
164443
192357
208088
193744
200867
185664
248878
172048
219750
241039
157466
234172
443627
163524
306168
215389
229661
269446
2476515
935164
288000
198421
223905
207133
148624
258755
171427
151684
186704
284045
205270
4863146
453909
218753
472351
182057
184731
172712
180696
178118
159124
275075
239982
225500
234538
787495
200543
233532
215656
611604
813981
853670
987983
192757
246373
184685
240508
211979
1659257
270249
187476
237955
153167
192705
261873
188724
156921
1148725
615747
321976
167219
162577
245914
181143
447048
193800
172524
179969
209528
265911
224363
269151
182888
204305
172106
924127
317699
173068
255976
265847
173620
177779
1376816
2518551
368115
915590
616537
190927
154435
1781582
334786
154752
1319018
232751
233208
917989
233861
10311810
8374239
5775679
3226532
154293
498520
263381
215828
154530
234206
264073
182490
477969
198385
173511
217550
244262
451051
239080
258238
185411
223018
327102
144252
130669
565149
658963
402017
394189
276367
404883
222911
170272
154406
204825
204522
169762
160336
320882
179235
185204
157723
172226
134793
144635
335746
171810
650855
467698
746785
1313706
268703
193074
186880
217520
186018
252347
272126
225832
157571
232467
171896
217065
201837
152955
315539
163952
237253
205295
756667
1659816
343223
170206
187223
235611
208270
272808
175113
560766
173413
154348
189597
265008
142037
157027
160782
129732
269632
209218
143992
156803
146957
587982
220728
530251
197294
383292
197155
174260
213717
331737
933671
224662
244298
315488
219411
188711
190735
155972
187181
163657
214243
269040
165493
672757
396516
156088
749830
329956
199037
225877
202250
1272862
185557
271322
228705
343590
231583
279554
216316
198761
236586
257996
457787
297631
242589
256912
358103
242816
210239
361606
310536
304683
565777
1644298
182669
218570
182145
178639
204011
187325
226958
161409
772798
185215
223529
1545326
228603
197696
174302
168075
309654
450688
463817
201387
1406892
181429
265308
1068469
1117742
195879
186717
423844
168528
174106
168782
282844
485329
203527
1006682
397451
186162
168645
530920
767992
188858
143815
214741
402914
184765
503648
197921
288209
249242
205344
269190
180543
194982
700336
222455
163914
204556
293398
308953
143847
231657
435481
301419
207193
164598
301232
562379
167085
199706
184971
309777
211536
903586
274276
170904
170108
184261
146054
932580
750551
214814
171045
139541
171410
230355
306022
543523
185138
143688
135203
139817
256968
644826
143000
169747
173119
181785
158320
232962
633823
179487
825402
209502
240076
664741
865519
199828
246815
150145
203067
269227
392327
313925
146899
205264
190351
247538
173473
147788
226824
207127
233545
293607
188887
167223
286415
204267
234601
343824
228940
582930
181028
238968
689018
723592
170881
161650
826355
187950
913362
232238
285788
278786
178235
163837
294511
321177
181521
278111
158049
212956
210477
2198123
251067
236954
419969
203688
1220757
1856096
303702
196514
879043
263926
501867
597231
331710
228592
251810
173148
157848
353778
3585627
474219
204657
224571
520136
452111
2294618
579463
997564
267742
828690
287592
340260
250003
191308
219649
235386
167345
689971
257603
217880
190624
194356
232929
245058
178453
193617
191579
223876
210865
202484
250789
222994
171689
213245
195014
182971
215254
1406774
199894
492620
482612
181860
180475
251247
197196
174450
225273
176904
164890
191940
199304
200306
207158
162537
203915
185596
196520
181737
172733
201052
325229
169469
171608
212296
207837
207242
170870
178463
218849
231096
187069
247986
213468
196035
514497
233827
188468
370175
230656
194258
180175
310731
172059
3155748
204963
189640
171231
389482
219235
3522062
341498
222140
173647
204519
188631
718502
378962
218764
181498
211894
156260
351269
682337
297971
196545
175065
180829
174761
248207
465125
374161
179012
165682
157522
139359
457591
214472
202237
184444
171906
181406
361835
192728
189911
238785
1566793
286586
163071
235973
204614
252657
627433
185466
592859
168229
162784
168499
210883
172419
341615
1827628
223655
171574
156597
299548
170436
200666
673686
206213
903819
164468
1045957
161351
146270
164824
628675
187338
257590
164487
169628
231165
194054
495505
277422
185347
156086
170121
148643
157999
279452
1206925
332886
194790
206802
199792
158899
322500
266833
462807
231096
184706
348483
154347
354981
171325
155248
137819
162836
349535
203750
227840
280829
202956
1072809
966921
347502
197772
204592
466233
177872
414374
543000
443864
185807
371709
187861
257402
165829
169087
200956
210324
682108
184265
177465
548662
1110318
471579
797365
222539
362699
173830
162200
640453
206396
171745
231093
171090
154111
162086
165743
617901
187106
222091
450200
196194
212295
211950
211100
232746
314434
549636
240342
156726
139131
169408
194008
683821
174037
382409
223194
192895
644523
149552
158126
200973
166566
556644
421592
254404
4387135
9654157
7846487
5282322
3344629
391019
502472
994200
232340
930561
585516
252334
826497
727103
226699
174208
216100
212784
203070
189153
1563220
203198
774677
1167402
1116886
326576
186128
975794
816256
632421
668749
201177
163669
185578
164240
196822
1203483
163347
169504
326218
529357
282436
1514805
285096
189990
187929
353631
193352
271440
612696
241090
237172
378557
216697
162338
184408
145637
745636
292693
528707
927819
185712
733044
169343
146169
222272
1039935
170345
143902
267107
139438
172206
169029
162212
143859
157552
668125
197063
652548
879027
973305
232338
163485
140217
171051
240210
178388
158354
155250
191242
164964
187854
192479
166256
341215
694156
176933
191891
308006
330831
269577
214677
141323
146785
226882
238141
291363
188368
179103
218889
328596
249159
386976
191355
218423
192774
218633
181714
259256
753127
169842
167417
196691
320262
189930
675649
193534
719683
177031
227316
158059
240220
217783
196902
199546
281839
167230
203132
917401
1214637
1025927
200074
4441909
162614
208350
215801
158922
440652
159136
175884
181959
181185
266019
211080
145841
175479
188296
451964
544688
325226
185877
301190
195356
192328
288607
1998132
206377
200645
844966
371241
572163
241212
328122
406526
306342
171092
170517
189090
160324
482501
653930
192921
168242
185931
767990
192916
312884
196788
474556
235036
234880
242741
164057
145731
151538
166801
178218
317997
241872
682889
772845
192997
190379
173471
181681
229500
274588
181958
204482
223464
229269
1172638
186999
208927
145780
338676
183630
180397
190997
481404
197230
185537
250214
219358
199772
188266
157742
187390
212069
209983
233479
156869
197614
185013
1235678
151220
185051
221970
2347766
814019
162145
486791
323555
209712
179879
289286
195565
170324
331718
249623
144621
252810
252567
362552
158854
168904
1297877
203303
163329
852644
341965
232713
261297
328326
250277
182718
207469
161799
170589
236273
507223
210946
179234
176159
211819
150424
174899
189351
196952
194786
179895
204177
167135
163487
330442
218548
204641
1492518
158069
211982
164063
161094
167518
305441
1445498
200876
217516
172684
355934
222152
155134
158195
205107
168846
161482
690414
290392
189198
219092
227257
252158
218642
154413
250347
170955
172177
152855
191384
232104
267349
190662
167741
174518
190124
319209
147229
244440
180651
146509
207200
153243
188403
192661
140307
207113
405758
240258
392063
305203
175050
535737
418055
405710
165692
156390
160606
289934
271165
262921
218598
327719
218506
177465
322244
220586
208554
305835
341369
222272
207332
350958
306488
192834
204800
189412
463777
210535
543110
1353617
194597
1341794
181119
164528
814946
183774
1310998
170360
173753
161137
187882
209447
482849
189319
227564
215647
195910
193771
307424
589102
230139
362873
162805
202492
176194
195740
255454
192962
183028
188965
170055
345392
178089
174172
327162
535438
168082
211430
173181
195612
164980
622103
330043
1127684
438525
180417
169162
732049
1025340
327930
194500
435132
241629
188865
214494
238739
223948
329669
1671700
382083
232894
262095
179841
1254299
445283
187569
227620
316266
175501
198932
489400
165884
177599
243787
193657
165786
157824
175024
187530
260759
151107
397416
231926
1899666
192289
146699
154218
157053
367472
151931
697877
234748
266614
169266
194897
186641
140892
168190
366596
480455
293052
164309
139152
154113
196355
183078
211881
144726
130292
383043
257467
304622
181146
197639
164212
182730
152905
214539
269202
169657
152647
160950
183418
177631
161491
264024
165466
171722
1022171
266212
197082
199496
232419
362227
180514
3841196
176010
199119
406963
232227
382352
185757
2052441
216712
471738
238481
188996
252325
183511
313771
548504
160211
504770
778584
215750
180909
181356
195801
220599
201349
282436
535590
160847
941847
1244969
243410
238272
695122
227069
1395084
225917
1537360
312976
585263
214913
185861
164285
205364
178552
197976
202796
206242
679489
286509
174342
405087
218929
237328
562946
193902
193214
177113
183336
212793
271189
393858
245656
276494
504320
224507
203535
202077
313189
563330
188147
269819
450269
10972024
7284382
4353866
4808525
1186591
187908
204289
270795
332832
166995
947398
1657590
151544
218681
220156
439556
162165
204900
162325
215912
177031
407136
172937
273621
935117
195312
246250
868640
217319
174515
657069
304560
167645
173758
788269
439492
460455
521754
276483
345910
386858
389293
275991
348224
153919
151046
175745
208275
1582077
182411
271372
525661
167463
152615
506374
186105
159652
213116
157409
162911
392695
258347
199744
171514
147112
198874
162796
208351
300146
887874
280790
254872
216769
188077
164697
183607
337448
208477
189629
174052
143401
156824
165273
294494
162141
192123
200442
162491
322564
216803
181059
172409
149979
141153
218639
173336
186920
276633
160461
169313
754178
152925
467828
150744
517000
223396
159310
765894
152538
313351
247283
1482272
561301
163098
147304
152087
190710
244995
690613
206969
387206
785206
331898
162530
167644
138957
182413
167540
200694
554626
208906
197383
152953
255529
4099912
178813
167312
147405
145034
137407
156246
171881
751689
171894
198484
230432
155845
216630
154574
154495
159978
170156
153916
168388
171565
231900
170526
242771
598049
637289
219483
159788
158042
167259
401541
244144
269122
274497
244049
410205
167677
205943
472802
210724
462943
179997
182895
1598161
266879
264885
401936
1796211
172023
743982
722276
202283
239245
159082
436014
1014250
163055
471681
250867
648868
397426
310370
2006000
379945
221617
180102
352843
182788
221968
174596
195511
264011
164402
255146
243001
201215
1251791
345324
250910
374383
270863
248861
247833
247554
224300
185647
244940
188676
311695
193299
181518
259866
282729
195948
183333
178152
493744
157541
177453
277215
169959
152662
221544
436652
161219
158472
183657
176740
578425
190358
216161
409749
219241
269017
198887
215496
182154
575009
375611
815010
265843
191923
263990
230696
281866
708053
179864
210828
307191
253926
1401205
710680
225189
487442
217496
283746
164194
179723
465956
163203
377445
141257
318557
212451
231369
501273
167200
457519
310032
134649
144251
203609
276125
1139394
195344
575879
351892
997298
319791
162875
148100
525411
164914
592901
246376
194113
162661
328429
634733
270085
3733365
219676
195745
176911
129978
211690
170950
170896
210046
572677
276155
208398
194549
207884
230702
1196950
213712
182331
176956
556615
196819
245963
214545
1121619
827271
149593
139737
286506
253419
402171
302649
679076
160436
179657
171413
214601
257215
205490
866404
182419
227521
158706
289983
177013
153385
388431
478270
441376
720731
266560
278155
440853
531317
712476
256405
253997
323871
979424
450199
416627
223437
229157
236346
197374
1089947
225015
199988
702918
491369
209149
177956
268935
340590
308779
259576
242423
183740
326516
262826
303939
457131
207726
193958
246800
1113367
176758
1274047
1180015
203986
182098
200302
689962
191485
221682
233963
190208
1669420
168617
634988
216136
196752
165741
561245
182903
172589
2833591
707351
203324
308722
269310
682717
304688
207567
206537
180033
448292
211554
187355
235723
241741
213183
208397
275609
208110
991486
223110
349031
545179
702632
198430
180177
318421
165314
202726
262577
202210
583013
192017
232729
588407
192161
180763
227267
757080
455360
228169
327352
172994
399680
774514
158843
163603
166631
366293
176519
635458
333672
261026
617464
252727
183897
146645
165381
150350
599127
177431
622117
723487
228637
214123
219236
1206925
295774
207123
197428
555488
184318
255933
167585
160186
200282
1144791
170213
200771
185144
324231
171355
260615
224434
190286
225956
141959
188487
209018
172803
242635
304619
226901
191931
284697
2108921
219391
177966
503863
164577
177344
163866
766691
201395
189432
722765
201194
513637
170879
190397
226523
162645
253590
281441
521461
202988
383714
456164
208746
204951
670227
240560
209220
284957
198377
329791
168655
165584
397637
347515
707842
186699
201309
1263159
178588
860534
157637
410301
435931
201888
273843
203921
167733
308931
257577
218760
256226
205596
189119
200624
383884
201587
2311962
154565
199324
394081
237093
698467
737095
212090
210909
342491
486357
607059
198411
160794
830976
10583973
8877330
5559277
3049851
699424
191372
208414
157301
257972
236284
173784
182590
179202
867444
278136
254384
165687
1299140
190299
166608
255285
178183
216716
193882
215564
184101
198062
178943
219710
184909
185490
1505534
204003
142697
865008
720269
209640
215770
197685
291322
168802
197955
170548
733089
243449
215514
615388
206796
279699
197644
168456
152945
200606
537655
230207
176576
280719
164447
181038
314693
179539
167110
307639
200118
220155
175735
160047
166132
201559
539708
320845
3744981
364752
387624
485178
217131
306728
176312
244610
171105
196190
222715
280799
163381
239987
420103
152090
157917
160329
149211
157579
209802
211197
363490
179745
175220
186890
166529
268332
1679630
3666504
173641
163665
142390
162207
242776
211124
465675
143101
259643
286770
250651
242848
255192
199743
313254
223815
170436
205056
155945
543089
211949
162166
371968
351333
158338
196960
220210
142957
648510
169360
144244
1074028
191973
575239
193645
183327
325482
234284
173653
167671
227541
622874
211971
199266
674588
199035
178263
217572
273162
166151
254302
192424
261483
442297
210780
415465
237614
304008
177828
194196
170539
216045
256188
232057
220987
168338
589366
271230
181558
441159
166441
262366
453774
177646
296585
161728
1592699
278103
186594
710220
194220
175325
286942
175490
211798
328125
1071656
213694
204072
183720
1145343
182039
187650
253261
224004
1171171
618292
264303
264143
315708
218301
235341
171154
241489
273882
204106
223387
467069
200848
200142
206527
194253
207095
194059
243518
696256
415730
191081
217864
207867
233672
181983
460151
165225
316135
423285
379234
192941
191436
179009
226788
199994
249532
858918
776855
204884
182716
229320
242291
1250566
645399
211501
296345
544150
265868
265144
355514
618583
192294
185715
230520
225023
169406
2828865
188232
217186
226427
243175
221604
213510
197475
217067
654526
451541
193278
487388
247988
226041
196752
289407
247428
195275
3412330
230378
163752
200161
158900
151319
424765
183689
142483
428726
372890
229620
187230
161900
198498
344215
249817
160969
196724
1093829
165415
454753
253289
480995
1045290
465584
211242
229716
148492
165564
1470217
892192
180748
360687
316792
154480
150980
167049
757245
233999
189514
771588
173028
269126
208903
169528
595057
161205
187035
153575
330565
153003
714445
177113
220610
163597
173510
184876
192823
184158
591534
311612
249336
296818
346470
448586
167035
156009
296350
208667
1489925
169867
642335
197146
166025
1492154
183649
169190
223570
175552
368073
157870
179491
153791
267881
218030
919550
374046
179685
200120
204795
1037340
1799401
243263
707537
227780
234560
212679
312926
330147
242790
175437
224407
197484
214926
164433
178299
196787
253744
395565
242737
241743
221387
210280
183469
216367
200332
325570
202517
165308
187394
197378
238073
219866
165691
532260
221149
196953
236422
363219
177726
477884
219351
215218
192332
178634
176194
486004
209405
363640
183304
167175
238969
158040
182304
217942
254130
190449
286034
378301
203233
207260
173761
214327
219833
187141
197540
187302
4048170
1509777
252564
205720
171695
233921
259919
216501
1781554
324634
656866
651268
213442
332687
321245
191638
181206
217398
727161
180521
549789
235428
205070
926310
233814
203733
168605
432988
480792
258601
200315
181473
863811
159665
161269
319607
225238
1052947
197803
1509312
148037
191460
289810
242248
155813
177343
171710
164484
232107
157288
144153
170060
334130
157518
599424
256954
264271
191919
166044
570864
173559
212424
179842
331961
220365
191134
216478
249252
368490
188034
376441
304556
190229
1123240
219497
257578
245166
2659172
667963
332848
349710
188111
146635
225944
211327
804219
210889
502308
166058
165831
154479
147289
251345
168648
156150
252176
1454929
468208
218319
204906
494261
283414
177674
319060
260262
408977
1605596
943382
228313
176517
164056
173902
291159
182050
194182
322936
370596
506011
884343
195511
175668
173708
226303
388183
299425
3665388
177902
200878
176010
213902
921805
367459
174201
252180
296439
636687
225538
235027
181142
263567
518109
219383
187542
613018
235692
11716658
11054605
8610319
4216711
225866
177421
214420
188255
335135
1412382
356818
610851
259558
230877
214358
211512
633113
232597
196749
263010
195081
194813
218220
212999
175548
161178
169020
176974
907291
245691
183089
170930
178600
164728
188889
595779
281970
762298
607570
538845
184680
579154
176124
194469
261694
174046
206916
266506
3431719
237861
874252
225958
197201
396291
168380
360293
190683
152869
215232
227968
207210
209875
228116
190268
180240
187433
221164
484109
293513
168111
258028
166072
974682
182078
178047
172365
1650507
186251
210511
202537
214040
176053
184824
536513
357712
799662
799877
259040
362601
216284
215527
184393
557417
227080
1295355
397433
306735
179989
532991
309971
166733
193350
354213
243573
206160
490418
286569
158587
166786
148192
420715
220440
146910
887203
185004
491093
168063
147532
256963
171213
159261
143675
153579
569121
1238512
391649
426608
180655
187332
192704
605832
174073
195409
223215
356702
146050
191818
193679
158815
211899
468172
934627
171947
151856
183168
199158
193073
196085
177547
159652
172701
147577
419306
378300
290385
198191
188669
169677
214876
168330
178311
780989
204438
320071
211806
167773
138575
262647
186615
202163
182154
222846
174304
381895
231300
202565
321914
342726
197049
180254
200119
162500
855698
999871
248430
203462
203140
232041
260366
232930
432939
200239
2035288
430843
259509
289325
300432
208343
327595
562124
203980
196716
281382
605000
187712
202010
187531
171450
153625
234234
344200
232758
1219446
254087
399402
320838
187550
237407
157199
172571
184153
1442346
811613
159365
178536
190670
184332
816307
234152
1090470
434325
198318
546958
201275
655128
204026
193492
197436
255427
212573
208449
406419
249318
167654
176747
225890
194917
526702
176795
227367
209063
481139
185053
298473
198617
1034128
288367
209649
626546
257099
1113076
505434
301628
162836
201233
229070
220440
188709
165115
201682
440416
189985
187423
223854
194495
191879
182335
824105
208324
198125
901197
320154
215885
218335
276036
189084
199815
186447
183773
216469
1913764
635672
248641
170902
488625
170467
205753
441888
650261
576895
256409
195272
220456
1030313
475135
159626
185587
145743
1253420
175355
181645
282927
399752
164498
163567
537032
185356
176536
506704
633121
154796
175104
448823
224234
212110
154601
184137
549641
326288
287929
191482
256922
250123
184991
151484
207905
360171
238192
178884
172925
165103
161797
613830
189188
181356
180822
184771
317501
793235
168358
181934
206287
185184
1072237
328907
293875
558319
192759
306626
212437
307760
186034
196726
186389
651835
185071
706515
187194
212602
171840
315502
751757
189255
183378
220421
600630
958176
1099224
534122
451367
210343
229633
199531
211165
187395
974275
276193
156414
439778
484999
202836
174665
166402
452520
286139
227399
457209
239420
249284
218217
180848
255170
281822
236417
488873
185453
176008
210822
187406
225605
278382
279248
199406
393836
996960
318707
186633
611441
357127
178466
177584
183417
213065
849015
234164
456355
183671
256751
237874
183783
191566
181339
167611
454020
224400
185749
261478
270738
166973
162771
271833
733068
1521337
185496
248773
300981
268746
175545
224112
195647
508885
210341
313403
215249
248485
277631
208156
192851
167581
289684
355412
213365
652705
212919
178568
212256
220765
218992
252449
324316
176552
177677
172862
190263
449950
187034
170828
258681
202792
164957
158019
1966927
185916
164709
268222
178082
151888
352550
179970
512419
243835
406953
264834
185027
235576
183881
507503
292017
168100
161397
321731
244980
201906
205623
141122
1602518
174660
162126
155944
230538
547552
254982
175066
184992
257804
237806
218440
223601
186758
158917
339085
159817
528035
160121
330725
156655
269097
518643
161662
275048
159629
420735
166442
225503
216066
197653
185963
283285
357166
236503
167536
208585
182248
258089
167834
232317
188923
263003
355593
142815
313334
408658
219560
478407
359474
514980
575873
178668
374981
333599
145851
190387
309190
166134
155216
143219
135193
716141
182257
205212
171404
160601
190764
187469
176104
409865
17038851
14432927
13509883
9752771
4956129
201244
278533
238906
466367
1143531
228738
181582
483828
171998
188878
233892
222805
451531
150808
157731
206951
252865
207697
223994
170972
192521
228577
253548
177333
185566
247404
323627
341728
250144
653751
195601
216670
184725
167823
165868
208389
207091
1148042
187670
414927
230812
186785
1122205
1355939
181813
183657
202782
356941
215245
202806
418355
172174
176603
276253
186069
224348
169025
725339
335613
191280
191158
350978
388950
212340
248727
189324
810679
186270
213531
238735
178555
263182
439326
231863
212661
263313
364111
235476
203936
443112
174195
256937
171530
203632
309829
185839
229014
173915
167755
283967
457700
364986
471516
566154
188276
147141
293197
254270
172436
195563
192427
144001
179851
201879
210324
892474
287240
675127
378034
187714
230945
1533317
219362
159399
220343
330993
160460
184210
151039
241326
197007
229137
675875
277856
204027
146447
224932
159209
193621
221322
405882
143437
253293
286758
159297
560972
739222
176184
177354
275472
325929
170725
215764
235617
615627
221800
208146
786048
184036
173930
264363
341032
169479
2152743
226736
209986
375111
849458
186701
233510
736481
372721
148936
151109
1140071
180334
262808
673976
1088838
172872
180651
215966
212735
586498
1153653
175417
192030
161653
260455
177158
442019
724697
193752
224113
434608
523260
312275
177770
188414
196668
204818
494757
172004
181503
574089
178345
143288
449953
186096
198904
182413
220852
633114
372620
216217
187234
162740
237082
207155
187249
364508
237096
199337
1360117
242587
211027
186277
183885
171675
184792
206223
201491
208394
209767
331666
719197
198553
210428
193531
192294
368412
169168
219561
1229095
170927
166033
184405
259466
200439
245531
168791
194506
226657
390704
651924
334593
168964
167257
193484
182999
251489
212255
182146
452065
201711
160029
169002
722125
357450
1543837
203829
185016
181814
283896
272903
186696
245777
210481
238270
186820
230882
186626
253153
700385
215611
256912
302160
277631
306662
265080
190962
181236
216509
400717
198988
172852
338946
929455
194270
717630
287413
901092
413880
219375
164554
256776
163715
249101
163810
207326
156212
302894
208716
253051
198489
214149
428577
257174
320784
170785
256207
863307
527567
1549073
207277
152802
238591
214049
201454
230850
2310700
336527
195070
331424
276807
213688
142857
146668
169273
385648
181817
191544
168327
191957
496972
210202
167712
161711
249590
159859
213463
156512
156363
177969
156099
208469
178345
147369
178331
154594
303334
178067
215696
169904
244891
250606
189922
372769
209631
1349832
264592
250511
161843
166854
174705
160884
314491
179188
158769
371955
165520
150937
250102
191296
165349
160455
194745
204422
219932
455278
831465
240341
184520
169605
279346
276464
1327438
2071865
231026
374026
186488
193723
237657
174043
203324
199941
222011
484144
222989
628284
163513
190243
160301
231992
185908
575853
410599
403725
226767
235814
184135
778645
189483
158387
149031
246406
542530
242257
199822
289172
750850
304660
224490
209548
238664
317144
182287
182377
193645
213622
183931
218278
164375
162652
204149
235322
256098
190421
224208
163516
149168
229524
236103
209616
207369
247646
210356
170138
185162
205434
431081
185211
241584
267783
488821
230478
353636
462698
197312
168979
188798
181546
186670
373556
1023597
231268
208150
502393
230060
235827
202454
296251
196939
187038
172732
479482
196948
356954
741018
204848
202630
157930
601068
311105
179158
185294
484543
689922
196736
702428
154728
1383710
170671
166332
165935
163476
630337
267581
602936
193480
223343
222516
1379993
243098
183721
197057
239911
195749
202091
210081
170648
275642
938463
1126591
310659
529501
254226
236582
246167
1294071
180093
1447920
216507
174236
279284
183989
281242
182928
1752837
167417
329287
436138
169403
181504
754412
171389
148237
154896
149258
172844
3239047
182933
309997
347633
1224518
200190
182784
174890
168477
170953
184750
209015
158738
570169
199860
671411
218085
181084
257316
174805
1752253
236724
990333
265805
151601
175718
203884
152645
884851
402633
276297
176149
8334382
5144054
2394252
197327
2009571
226945
319517
222798
177150
291646
395710
329792
235063
327208
309090
1280714
424111
263883
161483
219776
206492
192725
932352
141411
687913
190598
799592
1276541
528596
173781
267626
168048
222143
203558
251680
207265
172034
161775
651599
471472
756252
568528
188115
277974
188298
185454
183810
213243
162316
171946
177756
689542
236201
193179
228780
175890
224818
167361
196135
541960
171403
172182
355655
254274
1233823
240690
189121
208459
197071
741950
527296
304540
162341
1105094
209609
175738
184500
1441815
201534
218238
167263
913105
179564
167397
204319
170902
370573
213904
178681
230091
465939
1052446
271890
215091
203189
188037
169365
164408
260322
227608
193241
245270
632197
183984
255349
320890
182357
640677
187425
292365
190962
460918
312368
177849
2127322
1045315
286928
338824
180082
1221271
217111
229020
203942
219107
224373
299412
1824921
183315
580398
246336
239285
247191
204610
344370
238985
193908
303481
244123
1241892
199199
183753
229117
307961
210461
744346
381454
359511
192067
198701
278106
253332
1052532
199665
292176
186384
201058
224794
323252
186743
217732
642770
216052
196533
1573009
444783
206232
180178
185418
187234
239608
211201
177771
197085
193008
189223
209225
248182
658039
216379
702978
177586
289625
159313
149816
1248299
528049
204905
149025
179181
229321
363611
168082
167296
213526
178154
183856
160708
266830
161075
164637
216504
194952
2434106
168475
313641
163480
343971
194410
163389
361486
180908
154702
353650
381383
1325417
400203
267967
634100
217148
197131
177487
350287
226733
923887
253148
208725
213485
486788
245614
212305
172465
243771
231914
179137
219297
412887
1261313
176140
180949
521458
220539
199569
206220
220340
239810
184416
175689
314583
790315
148651
199032
205434
383661
199744
227437
199367
258282
283166
307695
154728
307135
214314
189862
230565
1457817
744359
189885
270169
462103
191572
217790
180104
172630
457083
198860
304424
196889
468263
274875
186924
173315
214936
185826
275117
232637
1085596
206292
196450
838871
191224
777520
514794
172187
200551
213388
216537
175954
221435
180327
175866
258525
218053
851345
447560
181202
171666
336482
166462
779856
452643
263237
250404
236288
231938
187439
429708
356252
241840
190570
833527
268985
282334
189890
324634
831968
188909
166888
2269228
444346
236982
273509
291364
205075
155815
172092
147774
182833
162241
579280
182746
309914
146137
180292
175743
208132
198025
163962
203547
168076
162863
261008
167820
1164039
604505
296786
379335
167820
1181328
810987
205216
278280
486120
179092
589166
1258917
158588
149009
198200
176272
285996
158252
257783
226303
166684
581656
217157
2550138
159194
268315
191988
149838
438443
298499
191755
350216
813928
270864
268251
199933
295100
182793
204905
190345
188762
228952
332363
224086
221727
233450
170923
170408
1681716
155351
175213
156832
167527
474778
181807
236720
174469
167737
151184
197127
1280524
204067
186191
790159
179976
194370
175708
173981
184337
355246
262748
490384
2193311
189194
232347
470896
172132
290874
2124399
241232
299270
165448
207897
210161
435008
418697
216249
218925
164254
210479
181895
168214
199347
166638
813762
229428
252495
801766
254313
174177
221358
221344
221778
225608
398233
907828
176888
195918
197537
173188
280461
339385
192104
190701
363661
193391
233641
195642
218143
554741
460259
171684
3032553
219901
226858
209158
263710
225849
259820
227879
441692
1306982
197275
255280
2393436
203969
185846
225457
192797
186083
179574
241070
172570
166719
248684
217128
1188820
588161
161895
278414
201124
451279
489605
180263
272834
188792
203671
161315
496013
355174
456220
318940
293929
1216937
289837
155099
1678571
899981
168622
459592
182078
170489
604676
258255
369749
178799
224732
185507
222389
167227
163386
154772
419008
199162
388650
192246
151316
295293
154855
158570
359377
175945
294637
169870
432431
185609
309713
707175
171238
326893
157441
1084841
210071
206335
191031
167070
177479
167753
165174
2069598
202382
588674
159791
233717
168063
208675
174575
239548
209597
271139
459760
209170
4423814
3472048
224978
291008
324429
318952
557850
689033
202139
196395
201951
324732
364309
244279
188590
327570
205066
428328
194237
266311
256816
234634
186249
227837
221424
795601
171021
182510
684324
439407
466277
257679
248104
318191
194104
307072
216890
639221
203086
637389
215117
178057
222981
271780
238590
191891
178738
251106
971318
179605
449896
169505
329861
216305
185058
221880
188740
221803
259334
205492
222308
243227
228541
208318
254649
310329
194301
164651
179803
491063
164047
186945
219836
274786
346101
397989
294922
308783
226503
240002
177540
211478
260275
168809
183372
214038
600506
185793
224272
522568
168717
171255
207031
198849
275521
206585
213913
171783
288507
181432
357794
272867
213603
211528
195931
190825
205369
172640
276467
174235
229888
956257
188518
168762
397080
222859
202184
161410
211812
151640
180728
165540
224916
251977
699073
200190
188889
782774
279786
209144
178978
201222
179133
293388
201702
156988
163263
169038
214376
981705
972475
678495
244762
202487
524703
845335
221387
190752
216665
195563
366250
188005
1745912
179865
1174597
186680
309565
173834
647585
227737
1050153
199599
292570
331720
306435
401691
175365
233207
738341
196205
233399
333342
227078
229491
205926
230577
235705
1759316
227054
704824
242380
246395
182172
189508
182578
901084
616125
247806
190886
705288
296433
1066527
187595
1045386
212669
296339
394227
217026
213733
873602
202945
319608
212790
167493
166150
193272
159049
193276
228062
172473
171690
246244
176872
272285
258924
279611
276942
701774
222553
709205
485796
169350
724207
268156
209427
1049778
1359679
732301
822714
223970
303790
993777
248337
344764
221342
209203
237443
204163
254797
216682
4709023
230011
231501
236727
207578
292236
1102401
259783
215874
256943
172286
245378
192949
491883
172101
200611
223522
197075
204101
197762
523187
271283
255779
234559
211507
312518
417196
189505
166073
236907
193878
171370
153564
161800
290669
189538
243061
317392
325943
777876
226651
204745
249087
187074
191195
396246
1706058
413616
209977
228965
267818
1076788
176089
578954
165859
277860
172488
181812
175132
432161
187887
263605
210601
2158241
341968
197708
300353
1238906
222105
205395
207231
211217
924730
340732
202385
2355348
227989
192788
207378
247893
394680
186066
648021
761077
192010
299409
206902
365312
778524
201614
183769
226195
1006809
197312
188999
205915
185258
198198
302287
174328
1122816
190549
191257
183276
164330
180240
453729
275553
846608
190717
771963
168213
333637
1062675
1031092
258298
171401
866631
181376
194145
237654
209750
196840
756085
377888
1227257
1150763
798569
181916
191761
171843
519822
558809
203423
173851
181612
526370
168970
200218
239065
1274359
185290
188495
673988
187994
163354
217809
209243
213417
245789
383036
480034
231567
178450
204070
199301
240989
201981
220428
2088945
245978
175897
377097
318713
214258
281773
178106
162469
198535
195280
212332
273667
1159896
293658
185908
208463
381729
521394
201291
197352
193104
234219
181609
166891
175504
174541
186325
160763
474115
1004972
234717
402748
336966
255012
190539
214757
194185
185584
179599
260918
260134
199405
271180
2245895
228607
191557
182885
193075
261939
234705
197046
236019
177729
474442
389628
327213
279285
219027
458983
169050
231055
218883
254446
182927
227029
209601
192666
697464
166921
550248
188333
243241
244299
354531
213098
187558
153031
274902
316672
231225
284665
260404
181443
285332
346226
248001
313246
209651
656543
845056
1183734
381133
190142
431104
196792
208046
247485
322758
182173
391083
287099
374536
286146
205692
179964
290547
415612
174052
192589
226357
243761
195966
199441
173880
451107
272119
177981
205289
1564487
180159
407472
215091
204568
322908
343267
250474
206118
195595
210286
608781
170464
229910
258872
194047
156713
249337
176712
324807
253213
225821
184359
240228
266983
306221
665869
213545
295162
223038
674962
193572
347448
258490
246499
641872
227326
192679
180810
193281
206201
173110
286054
821820
233273
301738
188979
209943
428496
200300
182254
1825047
271082
168546
248031
181973
342560
239458
10170260
8343139
3685055
298144
423249
485407
398432
163829
233557
192164
183627
198467
758355
181326
185886
244234
183619
204049
259610
232044
500087
210701
172879
190693
153279
742725
218391
203726
199672
189475
170201
236237
251756
176966
157000
171310
221332
314718
288169
254864
185502
213825
184915
1299297
881488
274311
652511
242539
200280
182853
200783
193567
169044
171682
174858
216643
188356
499083
175247
204107
332531
170969
203711
236237
183705
237563
591407
235147
211595
271211
838775
224252
178645
172256
578988
197970
203203
193018
167332
209309
240393
183312
303731
413219
231682
311200
170898
865118
1447249
378689
192787
209123
185593
203888
198535
268371
391770
523032
281810
188028
230046
176559
294687
553088
180556
240903
191652
165150
847692
190137
188753
1102755
251075
152048
305081
225156
355103
465639
165625
197132
224280
510289
172411
396664
211694
409393
210956
355444
189408
186683
181793
199413
191121
1271752
189500
271538
205081
182812
209538
197653
250498
431556
178869
182194
232794
393035
398919
200966
249657
820577
406252
336774
177849
257427
193731
181876
162700
183721
1179373
153481
374767
369910
266455
940998
173999
148952
215827
197935
222819
308466
731689
253760
202064
288940
183775
167127
527639
181157
187652
724058
167306
525488
173056
265618
386819
200734
264615
227370
198659
220811
273603
172057
250725
204100
205800
226834
179609
706954
432820
202289
160794
203141
187315
890607
189470
271447
210640
1097688
471168
817540
339419
310389
1023513
220269
158207
288203
977280
211579
1185251
232840
223051
794562
216529
511491
162648
210066
172498
169613
453104
189742
366794
208439
159651
261866
701557
186477
170965
498867
199780
191217
1003681
332706
476684
240400
254239
1259630
205012
173468
242749
192279
255403
171360
249659
475600
212954
434766
202057
196716
338235
202025
536895
171704
287029
312984
166141
208766
214900
175233
182597
172976
191323
330144
174063
451379
186008
164907
183458
237919
175118
199261
371892
156017
264059
2226999
257495
184636
223847
184335
156804
176861
174788
207651
214172
213464
205710
13462581
11038717
9200669
6915937
3946451
464574
642828
199014
773771
892080
217401
188744
165409
1654366
413526
155000
188672
325056
298196
171620
200150
191546
198408
153858
253222
228782
232283
254478
237005
236291
188204
212672
358799
267651
308209
473549
210597
314841
209722
545288
172482
211838
219771
757407
226062
186016
342147
312514
173850
160295
302362
1157216
185270
179354
530957
218570
300306
322686
804927
386432
173785
197290
179868
227186
467208
178156
202067
224714
184940
927435
274894
154151
200601
208963
573210
204774
178590
296551
279748
220849
185854
184016
207917
237148
352673
185186
355897
171351
171053
221836
305928
302819
175461
258467
244608
204223
173989
173789
165331
162385
161486
271438
438487
173964
688327
296034
226634
458093
184057
186889
766664
215619
170755
582916
905872
409358
191952
848559
176897
1149245
193794
179394
205369
163509
199394
214910
191764
1048506
268611
239203
366368
223218
172537
193206
226497
212506
186673
203486
175518
199242
683858
217893
604519
397368
189272
217383
192187
403637
1009768
286883
196443
218234
1132613
247167
343605
224751
408825
1032669
184482
994936
320365
1004926
541648
221835
335717
176056
171142
198815
199327
668321
299824
282027
399260
189903
178977
215920
492122
306503
333973
824294
252864
291322
532348
915437
185436
313764
191478
199742
202991
379345
208974
271639
171213
186119
311743
199850
267048
169495
202737
195278
238449
234704
224967
160207
172978
161537
172597
269047
192961
165543
994454
405517
252768
231116
174304
528794
210112
243646
422353
1313315
188229
174247
251609
271854
333537
172768
253728
1634993
208645
243875
204864
222675
252789
173631
183433
247389
214225
214395
265798
180790
953192
466714
210464
204171
248737
194158
179954
187186
289106
208818
183872
257242
767177
208282
211975
242221
209818
178751
568313
191328
184931
208679
184931
157184
592032
346970
966985
219716
216050
176780
650149
445414
189712
724758
178002
229010
222857
346076
189015
174093
11440143
8971951
6314432
4988054
860885
262630
275511
332285
250092
259678
687477
289450
213465
294394
195971
214886
259723
244708
357054
295398
159208
4453848
643701
164964
160015
207085
174158
329649
238328
156261
268118
163476
255887
186799
231262
197776
235419
221454
161411
161253
604867
234780
173668
193675
185717
202451
596445
187520
164810
1114065
216222
253081
193539
347852
199467
200625
288149
194969
217610
1297104
243325
242379
465470
228230
205699
256313
206101
215785
342919
196051
165911
299691
873018
473526
567281
242642
177529
195978
228323
288970
201524
509297
183406
216303
161499
1183571
282506
235781
214251
180705
369091
209461
224165
197485
216344
176760
199678
234994
352854
183891
221433
386596
211368
255924
182821
151775
202708
203657
179638
230742
1182059
231134
202465
190311
206976
214386
250319
266825
195331
170907
299177
487569
194702
550365
193812
193276
250745
864244
239064
184719
273688
296122
194425
179435
232350
220636
1426886
260221
182997
216532
176569
536714
186559
189123
191240
1247342
221689
324760
753681
371040
198008
193353
172386
219505
385491
240096
203543
2890836
163948
471067
234959
398079
198908
382389
377644
266098
148781
1514114
301187
149426
160585
1113473
421313
348931
163674
174116
354642
1293340
195475
340749
188928
266689
174239
171255
212447
1168826
189617
742058
189965
429325
203958
188287
171833
375790
653694
166015
322223
246167
493294
167978
160348
284078
196913
334168
165140
246718
181279
197952
185242
172678
167181
243179
1234580
556646
346830
183242
188151
181884
158087
233420
436501
151919
208773
1791411
423887
290752
236498
339364
277046
257335
161592
174981
167353
247320
201969
217837
475020
230415
182770
198869
217981
265753
204914
951081
207423
217983
179613
148580
2098339
184655
172690
176784
176422
284168
186967
176586
637892
275040
260552
457962
198021
1239045
216917
255583
496715
204477
183542
180012
293611
189602
203174
231779
289447
272221
284581
227203
230554
237629
225293
674955
203862
232225
474390
561559
203621
188879
390287
481059
1030170
250989
188808
577481
166432
339158
362594
175386
164646
443820
156170
269829
292983
346799
499975
210171
163041
1925819
198235
170522
242398
548796
202080
225944
552271
444887
218660
224444
214222
198098
236657
174948
359839
190289
172613
698860
626954
209229
507549
203084
175513
238345
203390
163813
190711
489147
640847
243627
412465
200133
479726
230844
211481
307023
243357
203357
193036
208084
226723
178254
170587
180439
869686
168971
258622
200135
907163
192582
228958
163500
248345
183868
223197
182421
435699
157544
155487
257901
223989
165756
227215
214103
283245
190398
165360
257884
1039946
307846
229366
183742
167291
205687
177897
322385
249734
234771
432832
206770
1281684
3035791
190184
174910
159022
814886
212810
222344
235489
185299
173446
348069
166660
213951
807730
198199
212330
278383
178169
219081
405187
217329
208162
183637
175076
176706
1722424
208006
225758
174240
210078
179050
380722
498641
195111
176014
196780
175472
253291
358766
230711
1339154
210120
238935
192803
511493
242711
286289
327956
437671
200882
895789
280297
197149
295427
170174
281958
158799
211051
261770
189432
418746
170341
4479147
473826
185578
186338
336767
264742
258785
185534
184958
159132
165011
172533
167131
383423
204896
163158
171312
174524
170266
213330
170301
292376
223110
188773
239736
749459
232148
279625
209352
180041
224259
240515
205551
217328
217682
197938
189720
577873
200568
364470
212383
217042
171018
170650
304110
170513
199386
327750
185277
168874
248571
174502
1734889
167217
151941
163105
176631
165564
201657
731864
178116
189725
276324
336251
219190
417139
186481
232026
285119
248320
275736
176642
1235930
221319
194572
276118
293202
882167
1332680
187446
227293
204683
276020
696466
346370
354227
230690
201106
173415
3423525
281827
209370
164979
211612
205551
232162
199258
221555
910524
183750
877761
223080
945586
751437
233993
215065
221460
198737
220272
264685
1316252
237327
197324
198064
337317
185886
201793
165686
183277
232346
284749
199305
262404
200727
203023
266731
285982
826520
10283151
6694397
4390167
1238079
209906
247070
573204
204311
263995
478758
2662768
1115447
401894
317939
270902
256686
185558
623960
219940
846028
197816
195887
186435
207494
897333
168754
265666
675275
162905
189032
226518
160027
161838
164234
275863
654365
889124
1221048
225606
659946
244979
343018
212670
179674
396956
764745
283448
153137
203060
686427
153572
605553
157773
162507
212901
184156
498859
187527
170849
212069
155692
822451
205603
194597
210929
188349
211119
174433
593501
183262
178415
177956
173140
245472
697179
274051
250911
220939
239456
226604
175857
256274
294029
391244
226384
213596
384532
224956
181093
188570
825612
268360
232507
177612
457105
218943
199688
428578
544929
242174
235089
216785
224667
384097
180912
457887
174881
161419
234091
178175
252111
328508
197020
197286
289692
161561
169502
234442
220641
182231
286055
219662
476642
399531
194554
215027
1260899
221711
198851
218426
185030
193160
270391
208236
189632
216938
653894
729228
194699
352219
213604
631922
285281
374158
206335
192549
183870
178569
331103
210972
1564353
199202
313341
214662
702160
265540
173597
211536
181046
275725
152000
291965
813599
201645
827827
479488
276189
177468
189809
266247
161987
437246
253466
3104231
202521
194738
235792
192313
213208
191818
208617
194855
223910
464239
178279
159940
251055
400814
493030
204952
267549
181569
275968
225924
1598784
184200
215885
280679
370504
771836
1245421
146128
226761
193600
248465
172086
195991
180743
252883
581601
160625
216695
359560
180637
198717
178514
193190
811187
169870
223220
200405
345931
185057
431213
1475496
208651
181433
1636620
227207
200792
202480
254287
178570
997623
191100
178927
788539
627267
156698
385739
673646
211745
213500
682237
292409
203541
273541
191375
198471
1589712
1293889
259687
250615
230567
347558
184419
208598
197298
823088
176962
173797
297238
3754713
172135
281530
162479
199290
174311
199173
178216
454636
227609
180834
187276
176412
405895
176439
205011
193602
205832
212891
587256
290338
177449
164521
239863
181572
220244
493961
224478
192158
828652
282055
295997
218328
237946
679034
231225
451072
209950
185655
359969
191765
173939
174674
261559
197641
300406
1356497
235978
433203
320183
199159
225721
357512
192085
213034
207432
206473
193580
376677
186746
345759
176307
229434
601048
206113
603885
204893
227815
187956
297254
247541
197943
207889
275659
201835
207297
890942
188453
670748
221127
173843
244092
224968
302649
298378
1185172
183148
201586
180928
182564
203067
207850
325330
203926
176929
216466
217954
259460
406478
221769
243750
198825
181320
2525250
269263
171451
602540
243802
246726
219685
219222
1268427
585989
177460
1204102
202823
174016
247906
1321477
501614
964354
182903
183891
247914
221738
273011
352263
600186
272765
180958
177745
169361
707472
188781
175639
224852
286786
216903
195658
177548
392008
192590
245596
532191
252296
219473
307918
222367
202725
326491
196206
190123
670991
186215
174033
321710
413625
205741
256338
192410
820776
204190
302848
187198
241492
568331
313759
186233
216989
226792
228733
262936
187213
175709
877666
539628
189898
538885
183054
573624
297235
231870
197750
224696
658079
722876
182453
592323
225343
414191
293231
198347
205846
236138
235790
332874
213786
272040
255370
186229
216354
251283
4799095
290291
195916
365976
273817
236505
200109
198919
328734
200365
208379
191965
189441
526451
352811
268228
543984
173350
235416
205972
214747
220762
190147
234460
211700
431175
286157
553943
812080
220554
377920
420938
194386
221155
252810
252108
291528
538301
355184
1070553
201994
176748
467465
215132
249935
301487
174715
329405
209563
338849
176549
215306
607434
218296
180377
212606
251655
1233312
416945
471428
182642
202953
198904
360744
261434
166635
224809
449361
209838
208802
267599
183700
201065
193946
204742
185208
205734
732013
201968
240807
546593
220672
215932
157572
502522
180474
218677
175848
404345
304314
361110
201237
230180
204487
248848
175290
622554
237798
193613
203943
227068
613765
178152
199152
512628
241578
206563
229951
224737
222814
596330
